HomeBaseX = [368 264 392 360 392 296 256];
HomeBaseY = [319 44 220 110 275 242 121];
A01_X = [264 258 274 264 254 257 260 262 268 270];
A01_Y = [715 719 728 728 728 733 731 733 733 739];
A02_X = [225 223 210 220 223 209 230 220 205];
A02_Y = [605 598 605 610 615 615 620 622 618];
A03_X = [168 168 164 168 174];
A03_Y = [538 542 544 545 544];
A04_X = [210 180 175 170 185 178 190 183 175 180];
A04_Y = [455 455 452 453 460 460 470 473 472 476];
A05_X = [120 119 112 125 114 116 113];
A05_Y = [400 388 394 410 405 410 416];
A06_X = [96 88 100 93 86 94];
A06_Y = [304 305 312 311 310 315];
A07_X = [10 11 13 16 12 15];
A07_Y = [451 449 450 450 453 455];
A08_X = [162 161 159 160 164];
A08_Y = [660 659 659 657 658];
A09_X = [110 110 110 109 112];
A09_Y = [561 563 565 567 568];
A10_X = [105 106 103 107 104];
A10_Y = [473 471 473 475 477];
RadarX = [264 225 168 210 120 96 10 162 110 105];
RadarY = [715 605 538 455 400 304 451 660 561 473];

