HomeBase = [368 264 392 360 392 296 256;
            319 44 220 110 275 242 121]';
A1 = [264 258 274 264 254 257 260 262 268 270;
      715 719 728 728 728 733 731 733 733 739]';
A2 = [225 223 210 220 223 209 230 220 205;
      605 598 605 610 615 615 620 622 618]';
A3 = [168 168 164 168 174;
      538 542 544 545 544]';
A4 = [210 180 175 170 185 178 190 183 175 180;
      455 455 452 453 460 460 470 473 472 476]';
A5 = [120 119 112 125 114 116 113;
      400 388 394 410 405 410 416]';
A6 = [96 88 100 93 86 94;
      304 305 312 311 310 315]';
A7 = [10 11 13 16 12 15;
      451 449 450 450 453 455]';
A8 = [162 161 159 160 164;
      660 659 659 657 658]';
A9 = [110 110 110 109 112;
      561 563 565 567 568]';
A10 = [105 106 103 107 104;
       473 471 473 475 477]';
Radar = [264 225 168 210 120 96 10 162 110 105;
         715 605 538 455 400 304 451 660 561 473]';

